	symbol	returns
0	DIS	[0.034582191703015006, 0.047458342274658685, 0.0056738116038842976, 0.05374076282528132, 0.029365055144779266, 0.009404424702090377, 0.00863869135514721, 0.028014368834483095, 0.0012708731390192543, -0.06874462448556151, -0.14229253449877236, 0.006678847036506753, -0.01172647223138807, -0.050173754664681644, 0.07923830712108844, 0.061037078841000174, 0.02689872788512393, 0.01587443268718706, 0.017843866590560826, -0.00018031613503436599, 0.012376452852500996, -0.03415355583481609, 0.03886715635676756, -0.07522364429825609, -0.07267541967785852, 0.0002936163241117994, -0.01196242279999454, -0.019259889706804745, -0.029324002831784712, 0.14590110356586383, 0.14450317639633675, 0.00568009722913828, -0.007904825170174396, 0.06135915100898092]
1	T	[0.08171207669570034, 0.042869860677807764, 0.01800715725139382, -0.02666303442066882, 0.03704799172050258, -0.01531048790810203, -0.03480924548347172, -0.03480924548347172, -0.04449974009870977, -0.047858917055156165, 0.012187737038339684, -0.1127855969491323, 0.05258856308048751, 0.008025336566796493, 0.005461614572321847, -0.10854894435551947, 0.03464421281628709, -0.0698032111257779, 0.0037499666213989258, -0.09739488238806833, -0.04377099718317227, 0.014783142171345947, -0.026490011652210276, -0.003579521791132598, 0.04242418482040804, -0.010759697518263936, 0.05649215527453239]
2	ABEV	[-0.046896572770743536, 0.056603761239207365, -0.0885122024964895, -0.023952073581400495, -0.15909093166842517, -0.12595417485510155]
3	ODP	[-0.08108111749536548, 0.04563492476474614, -0.04270458647781426, 0.13400001525878907, 0.08704058077842697, 0.010101000370632515, -0.0021692469831258608, -0.11512410198804506, 0.31277534982937844]
4	CNP	[0.017955143344152106, 0.03143708243438588, 0.042114289770431294, 0.009744282851990438, 0.029350056368748944, -0.07558452614364171, 0.0654981575786667, 0.028432721584109907, 0.004187236432667109, 0.024673451319043027, -0.0078712420285454, 0.027986403533269043, 0.052828876244018406, 0.023777134609118903, -0.02836636764229352, 0.0857142720903669, 0.0073683889288651315, -0.0540135237171578, -0.17779473522274136]
5	WMT	[0.0029617827721941637, -0.09128081244952986, 0.06407290093318152, 0.011066122965044296, 0.08034232778096495, 0.010742305092140095, 0.02826610439002485, 0.0368753695236144, -0.05004178456134695, -0.037595041853056066, 0.004767970536049773, 0.0781549312247549, -0.03605429045223415, 0.02959269903832869, -0.004850738585159177, 0.025095081022001423, 0.10880566465537918, -0.137008633723971, -0.04289448935313602, -0.003090266235057334, -0.0037483816230754444, 0.06436128112240588, 0.09161211389900788, 0.07580077774274202, 0.03474258377484184]
6	WMB	[0.10413468766568812, 0.03891467846058649, 0.03891467846058649, 0.01151631184081071, -0.1044568200727449, 0.1325496735975247, 0.1589403939065004, -0.07182867472076825, 0.04740169954945585, -0.049298020336459296, -0.06655999755859375, -0.09731068569452765, 0.04292338270706017, -0.1443636113947088, 0.32881865297987345, 0.4806500810992233, 0.09045500107433896, 0.06101507196739299]
7	PYPL	[0.051386812307538776, 0.24054660843162057, 0.12646021624118423, -0.13159685554904077, 0.015121925167921112, 0.14209961254327436, 0.06340470252243653, 0.10833020429363621, 0.08190753754064226, 0.12648851303035427, -0.02910425989732952, 0.0997925392989638, 0.04483692310359928, -0.029196255677451533, 0.00444805398642784, -0.008770278169995774, -0.09766572580297597, 0.09345373794278308, -0.14865221174735174]
8	BBY	[0.2559153640737928, 0.25100983269591787, 0.25100983269591787, 0.25100983269591787, 0.2618666585286458, 0.15786853029573497, 0.12540785692449335, 0.07887653568536306, 0.08662276604584887, 0.09369950456181926, -0.07496494879379129, -0.10534630703243242, 0.030224800085616354, 0.04666391221480727, 0.024980299590664813, -0.002813217389946955, 0.11349030499198465, -0.050012607003741834, 0.05872339559785018, -0.03840145535935572, 0.10197992285166846, 0.12019136419706938, -0.009139105184188742, -0.1470446295003705, 0.07231492869329181, -0.14392828308086567, -0.003497917656705525, -0.11748514298899287]
9	HIG	[-0.1349205972766492, -0.017397074641464394, -0.04451860142621283, 0.04621345243741406, -0.004038710652845287, 0.13652851466553503, -0.0061804538813797355, 0.029790210476747056, -0.1124951015306755, 0.07313410988494302, 0.06634827424152882, -0.20647540030653658, 0.02062171130561837]
10	SPLK	[0.0726318095041999, 0.15378448911881976, -0.34147076008129745, -0.2575941101627156, 0.0595213721362461, 0.14469937233503047, 0.29416306363090305, 0.16733133339579176, 0.07956190392283462, 0.023522584276380158, -0.004419550027843463, 0.015904586714095933, 0.0072215910565936745, 0.029562079723015174, 0.02742427447937117, 0.003193725063019903, 0.12236906327243884, 0.010611438090777718, 0.23389521440810432, 0.05228320618877712]
11	PENN	[0.0159651161346623, 0.06275706481828434, 0.17104939061793417, -0.04413702653652133, -0.07455011824090484, -0.1431924852850214, -0.054315005136143485, 0.047500014305114746, 0.1127012127643361, -0.023288632457958577, -0.11492066156296503, 0.0494624045513851, 0.04229974386697344, -0.024269428338627587, 0.08663493730636834]
12	KDP	[0.06422367990322457, -0.0645805750643254, -0.1832532691982433]
13	FITB	[-0.056241405974972396, -0.14535295712004492, 0.12065137578282824, 0.1281874969684199, 0.004917020372170952, 0.04766581303053698, 0.08301707809932166, -0.005845145407689021, 0.05795576438354953, 0.0671141397798591, -0.009073568730267845, -0.012506501534078772, 0.1412391005701333, 0.0643416510024362, -0.0056818397330839045, 0.009590565216828457, -0.007987250624077747, 0.10042190228484263, -0.08811538161567085, 0.008221985841971561, -0.10188300974998918, 0.044453369678625114, 0.009345794392523364, 0.1091247770408932, 0.028227250385835956, -0.3071539591538165]
14	LOW	[0.11980095768838832, -0.1500779900294166, -0.08898998366333334, -0.02101533463318284, 0.034445410698523464, 0.034445410698523464, 0.04454150544781257, -0.03931554897487685, 0.15745506883911653, 0.10102802601665269, 0.11423057748465026, -0.0453563786082823, -0.027926498164242503, 0.03882333024831019, 0.04728166302713669, -0.027264512559665336, -0.008143341623202918, 0.1472820609004647, 0.027745155261151875, -0.20324903508923137, -0.19776534042833863, -0.10842387407793241, -0.13368749795261523, -0.03903385368778033, -0.009322520180843005, 0.040740098787155635, 0.054206639357339895, 0.0590219369304278, 0.2833113954687804, 0.013345495842979168]
15	TMUS	[0.20613105723064068, 0.20847533541881258, 0.11863023913392534, 0.02004533920542772, -0.05886605405118706, -0.04816269526931959, 0.08779512525578262, -0.08489162420848426, -0.09925395632549007, 0.05943537804365405, 0.05943537804365405, 0.12432015506581501, 0.1157751544668244, 0.008928599741826734, -0.02478578514009674, -0.031243293361324653, 0.12321431296212333, 0.043846821651364144, 0.060606017290186526, 0.015084838052792437, 0.03462836504461488, 0.09421983515103932, 0.22250387221749923]
16	SU	[-0.051035285893140866, -0.1559604002981535, -0.013451502263045017, 0.17497026979818758, -0.11974434984046405, 0.2259963672264637, -0.06312059001731629, -0.06312059001731629, 0.053177671255971753, 0.12230461694039176, 0.013931912494385723, 0.05702994246721105, -0.015439443380401653, -0.015439443380401653, -0.08939645377298958, 0.06501069893300779, -0.02140949146105623]
17	ORCL	[0.0562289573533554, -0.016638032728044698, 0.0024855055195647305, -0.08768978600385716, -0.000812314623584518, 0.06332520709971584, 0.02256734593149244, 0.02779817729831799, -0.02564100653230797, 0.04503577889125458, 0.07492089444488778, 0.01831249250589713, 0.01312154035091879, -0.06456497540410294, 0.0018291009664730279, -0.003350053961672835, 0.013563483289979368, -0.004828511759619908, -0.019491883325069268, -0.019491883325069268, -0.010536755215423087, -0.017695664865873567, -0.012737510414062026, 0.016348828525716626, 0.14913661141786197, 0.06846060589226552, 0.10971588751464866, 0.16035048083568024, 0.10759355992618447]
18	SNAP	[-0.04321323059645172, -0.07836990845523491, -0.03824088233536794, 0.060213412251822064, -0.05555555200924311, -0.2289156626506024, -0.2289156626506024, -0.2289156626506024, -0.1454357804843308, 0.22222223211613562, -0.30839232405022865, -0.24757806245201472, -0.11559887793174335, 0.48553055993486804, 0.547400603147971, 0.23748543953616125, -0.0017730057236524002, -0.03547297895956066, -0.06356973574128705, 0.15008876962972537, 0.15008876962972537, 0.320295139322666, 0.030108922316840918, 0.06743088369147458, -0.09540035473867267, -0.09540035473867267, -0.1362209689091403, -0.12774804683759217, -0.09917842976860639, -0.010330617594738871, 0.13094366875368094, 0.13535501935987013, 0.13201818898553946, 0.13201818898553946, 0.08064516129032258, 0.2756792448871302, -0.00921658074808496, -0.00921658074808496, -0.23286240820573095, -0.5076470655553481, -0.019494617352134695, 0.6324376299747341, 0.6324376299747341, 0.7452924027790958, 0.038800695974799224]
19	JD	[0.0939496408364408, 0.23659298738856835, 0.10673665061801654, -0.061606170772816805, 0.13670982944773397, 0.04978987715268927, 0.03140417694017905, -0.07610743748242196, 0.025053267996815256, 0.05815162134540375, -0.09943839390031554, 0.031227791030398723, -0.06373194809530502, 0.08280037564048011, 0.0912454693118528, 0.1639093869136247, 0.03183790940599844, 0.18852682254505074, 0.11883415320816906, 0.0437147059727019]
20	CVE	[0.010795876267310277, 0.06488668773652367, 0.03443526062236837, 0.10546277370741677, 0.020751589501773363, -0.24156185979245245, 0.013479347005450566, 0.04590167445670072, -0.04324326588342942, -0.007028081782742842, -0.0946428110708988, -0.09154229441130729, -0.16328597492262034, -0.08884303545855576, 0.08168037197973448]
21	EQNR	[0.019319938802702392, -0.05329835499717023, -0.16666666666666666, 0.10745237826327693]
22	ATUS	[-0.1245614143693293, -0.004265409998140561, -0.11563729296850034, -0.07407405538557053, -0.21773329646383555]
23	ABBV	[-0.0341629436689188, 0.03905302259579121, 0.02860386996297742, -0.09069007748082673, 0.04093779083605256, 0.0699346820365721, 0.2215237572079613, -0.14736509932447117, 0.07517703672763117, 0.055758390856948385, 0.024897197663347134, -0.035741004203102646, -0.047500049366670495, 0.1401896859690376, 0.09769868685660983, 0.10873974313787325, 0.09655912390313258, 0.03634517416129245]
24	BIDU	[0.09947817380738298, 0.3153562405255179, 0.0686532151275285, 0.0686532151275285, 0.0686532151275285, 0.042568266215872876, 0.06881825268704411, 0.03656301064787685, 0.09094767880992358, 0.09094767880992358, -0.03206061253598759, -0.13435340427628165, -0.11871230555853335, 0.02154560449287077, 0.14185387067566524, 0.08496865743493985, 0.08108659068979295, 0.07288969917200981, 0.16480445676269498, 0.01914584788268006, -0.020577241285547537, 0.18076100292542097, -0.13026246608885358, -0.1061041821112761, 0.04521333450699797, 0.026953583695614278, 0.012723611868189414, -0.020899540839108558, -0.08797809199044518, 0.12784733402436496, -0.03486348610438841, -0.1500171884896414, -0.1500171884896414, 0.028179269704737036, 0.028179269704737036, 0.028179269704737036, 0.028179269704737036, 0.05476954551798172, -0.18025997555839343]
25	SYF	[0.04498386129958096, 0.07170546790540831, 0.07239266014766857, -0.01576995134432691, -0.03613310355676094, -0.09393653089176729, 0.0016379349397828758, 0.051859599958356054, -0.06871194672500394, 0.07906193208854928, 0.2214738590839633, 0.06977524189768716, 0.07116725677974595, 0.02594872653390456, -0.12267082824065337]
26	IBM	[0.07396936304240216, 0.008841332296801035, -0.01580191558262087, -0.07363346754416422, 0.1204983547119591, -0.010066262467629079, 0.04437648580814535, -0.034538845842005915, -0.04883592166635329, -0.0717461682930947, 0.015151502237465623, -0.18791634950909897, -0.3355241001576636]
27	A	[0.06185016708998974, 0.003334608512232355, 0.005687153067075303, -0.0986154418062671, -0.0922400883728901, -0.028974386361929085, 0.10915337164642298, 0.033553301029091, 0.025821243120032172, 0.0006458010399453748]
28	WY	[-0.022620148810949654, 0.1545841995281854, 0.07925203736433281, -0.02124541904450634, -0.009440072091819468, -0.16274018492887055, -0.01576121120605071, 0.026116846010963913, -0.00885269128988032, 0.05068438390982468, 0.046800685976008415, 0.04682061099839592, 0.048058568593738325, 0.06978442779856364, 0.05025638678135016, 0.02002356665217621, 0.10605550247576859, 0.08233778498372779, -0.0914391944022527, -0.0438895132053762, 0.020123856605766835, -0.0850675420090238]
29	ATRA	[1.6861110263400607, -0.2521703285157603, 0.7301401511239486]
30	PCG	[0.06009322382710224, 0.0796279077978709, 0.09059314043785414, 0.06986469977817512, 0.06638064045914863, 0.054788396455950954, 0.09259254353527226, 0.0686456801953037, 0.0686456801953037, 0.04012036231131022, 0.12476115323385238, -0.01397102934645212, 0.08304568242696106, 0.08304568242696106, 0.07984068122550388, -0.0005037578451924725, -0.018260663412544675, 0.05361146907767846, 0.035181186727066306, 0.017655857491798724, 0.017655857491798724, 0.07533495271551491, 0.027085088330495135, 0.027085088330495135, 0.3852751592445263, 0.015219868165006947, 0.05730339895970201, -0.5458674027195916, 0.3782051360426883, 0.3780391917509191, -0.15585283969448996, 0.06363634629683061, 0.03265665384382939]
31	ROKU	[-0.0630578363252108, 0.00515145966500947, 0.20025916224105764, 0.21607378029790156, -0.24496209951232667, -0.391838197209618, -0.06165517161524982, 0.5732453934489865, 0.10058011453168261, 0.49073984800148707, 0.06432849448530377, 0.06432849448530377, 0.3066474443147798, 0.2821546514681095, 0.6125201324088989]
32	MBT	[-0.06150883287583545, 0.025458249263670175, -0.05388536022763552, -0.032973689109496905, 0.175873044937376, -0.37762241259991824, 0.1441214115441133, -0.08667530072972124, 0.19031725991367576, 0.09403973777620081, 0.22062670596900533, 0.0587734708270696, 0.3164361587582018]
33	COF	[0.017422920612616858, 0.011556507354726542, -0.1050295878857408, 0.0007397987008158387, -0.0400000254313151, -0.14686684365667127, -0.027699251346815595, 0.05116583853091109, 0.0036590201192135963, -0.04808546940526439, -0.06920244649875383, -0.020339016657295157, -0.026375981010188954, -0.07772982976036137, 0.05408746792641873, 0.00044609029044451285, -0.06666661188731175, -0.02786963393772349, -0.01838911371352105, -0.09472369342501331, 0.034023386673290794, 0.0562884312225162, 0.059347789519263915, 0.016513226142068918, 0.027420018935605944, 0.024738747334430423, 0.027029833019287134, 0.03056403111867748, -0.006049752437863301, 0.43879148080858027, 0.010713716226464744]
34	AGNC	[-0.010625004768371582, -0.01718747615814209, -0.04757574832800663, 0.04277797877304405, 0.03996320227795422, 0.008517920223111054, 0.026831810128061045, -0.01964742012605412, -0.005569651157041139, 0.028791745191569382, -0.0005549516441619997, 0.02866972389270158, -0.3519736928099962, 0.027095654822559653, 0.07334959942571243, 0.03782509943125988, 0.03375198688390879]
35	CGC	[0.6811125295594315, -0.16559588970915642, -0.08466456716136869, 0.1955782813101453, -0.44732440531509166]
36	TEVA	[0.0020000457763671873, 0.0018065064861339352, 0.03144014728291026, 0.019639915374283213, 0.019639915374283213, -0.013142171074659897, 0.12956681291069017, -0.040869161544826706, 0.04595857642478811, -0.016211851266482568, -0.03269978308825788, -0.11160908313507521, -0.09135024171002985, 0.05259779902491543, -0.03819236289727529, -0.0471349225320283, -0.1354939921126183, -0.15067857249642652, -0.029979738887315775, 0.04948255766074671, 0.04948255766074671, -0.19459461521457982, 0.15172782918395758, 0.15172782918395758, 0.20726262965841943, -0.012768130795410167, 0.07898805952542372, -0.12247018963617845, -0.013305601038485935, -0.15919758829078445, 0.09273074386599853, -0.1921225918471824, 0.06913277170840954, -0.14028775286092507, -0.07407411086706321, 0.03932588724397326, 0.34491632367019043, 0.03642043641765776, 0.18498942842951516]
37	MLCO	[0.07442754968661605, 0.06307821516768826, 0.06004712378857534, -0.04731862421936929, -0.09320958118129805]
38	NEM	[0.006750574399296382, -0.14818877601048128, -0.0184124694396945, -0.10532499755793664, -0.19647580801419134, -0.19474838899994917, -0.12020335529356284, -0.03965700842279439, 0.08038585039973715, 0.16038562210157392, 0.22509054938983417, 0.012504872720442619, -0.01935484711569441, -0.2092827355338073, -0.14057328130428162, -0.11092050347461345, 0.1089631308497054, -0.014580141632866927, 0.47677839513378295, 0.3317900554730357, 0.1082264956563818, 0.028040163311373302, -0.08878101088718776, -0.11474081789826251, -0.16079469390262832, 0.0918697122439579, 0.06853742597701691, -0.05723127528503036, 0.16376524633757708, 0.21428565879982955, 0.009984162892979704, -0.023760381059871043, -0.019674711988847314, 0.16466425767115836, 0.17347644578178045, -0.061878171498502846]
39	HPE	[-0.07548472724256304, 0.11787571402003241, -0.05928846906814656, 0.09896086460273945, 0.001286987697698465, 0.16366903430986227, 0.14515057241829674, -0.008766458420905258, -0.10767464257420854, 0.0020596811545607486]
40	KMI	[0.18755794803534834, -0.05046951667519601, 0.00897503041044772, 0.019727307255427783, -0.036164764985975345, 0.07533633483666995, -0.035560013948789264, 0.17658599189021307, 0.17658599189021307, 0.001321034251649088, 0.047664002049387096, 0.047664002049387096, 0.047664002049387096, -0.012025912062409291, -0.09215580621839613, 0.006913929063893423, 0.043123530168898166, 0.022792110727516055, 0.1624920190259561, 0.04138985582900176, -0.06709677173245338, 0.05844159016457626, 0.18829114318008577, 0.13742232052504805]
41	SCHW	[0.24068073179123528, 0.0297973766114282, 0.0973837348992321, 0.05292359176129601, 0.05445737895376661, 0.0071741850968946785, 0.013834007589890781, 0.0, 0.025018406826371208, -0.02621357527320609, 0.04163867503449143, 0.07156676943721657, 0.04604269636995332, 0.07866505904786096, 0.19126379319228606, 0.027870113412869428, 0.04184309442909803, -0.09809087668725225, -0.09809087668725225, -0.057136555216583576, -0.11329933751011456, -0.006322388555264775, -0.04454256047163864, -0.03570709035022415, -0.04190325832066374, -0.030630682094590286, 0.278947395190858, 0.02136386877530014]
42	AAPL	[-0.07732786294926391, -0.05963464728908415, -0.09645624387419252, -0.09812727459436442, -0.0625202432536791, 0.1280759016333051, 0.1280759016333051, 0.10814877824075388, 0.0899407401101162, 0.11052729870750537, 0.10912349738329832, 0.07697810964352338, 0.07635058267299251, 0.06657578591313493, 0.09628778911236957, -0.033180397587725716, -0.032938026726133274, -0.009177475118436789, 0.13570633744855967, 0.07536918629459836, 0.050492513226261825, 0.09112196440417306, 0.1351217776625791, 0.20667754061880744, -0.1583638464581663, 0.06786197282143973, -0.03258317789008162, -0.008719655532859203, -0.025271469548548597, -0.030812343530054326, -0.14731653659463262, 0.046138903747496456, 0.038527931891455224, 0.08487564662291726, -0.0016231813292572465, 0.07526224844711893, 0.13951932680506193, 0.07909174342207662, -0.0006321349824834803, 0.1438567805221213, -0.12024418955524256, -0.19799041098699827, -0.10314249046561852, -0.010576689673328962, 0.21195826156952355]
43	TSM	[0.07222545464727212, -0.10433390621825231, 0.004444461398654514, -0.10094503059090527, 0.11176470305385759, -0.050674532382625564, -0.02976774146210347, -0.04365339216865762, -0.06028515934356873, 0.11871392600388703, -0.0024410131596195816, -0.03536397415022683, 0.13313741334045456, -0.06702686563203764]
44	IBN	[0.21019270157913503, 0.018390786857267503, 0.07083831070833851, -0.09426749455884753, -0.11724138679459027, -0.11724138679459027]
45	TWTR	[-0.23197871594559138, -0.3131471975113264, 0.21214026245977322, 0.213728625643693, 0.15615802198609963, 0.17138512418959453, 0.20415009256199232, 0.2845629504899332, 0.10778795795993562, 0.11941180509679458, 0.07577043783170315, 0.21700098136810467, 0.0930885841104097, 0.0930885841104097, 0.0930885841104097, -0.04309202014500464, -0.1795563709271944, -0.17108264213363744, 0.09418044708638418, -0.06780983363302177, -0.05227031379106678, -0.05220342086533369, 0.11011152807240979, -0.10550619373363805, -0.10550619373363805, -0.19047621989832295, -0.06612017130701331, 0.03333335452609592, 0.06561223545733237, 0.11211775534225028, -0.08714200600076759, -0.12215324263094067, -0.030904062124666697, -0.030904062124666697, 0.14646726364024826, -0.016612635427161078, 0.2752443149787524, -0.009838129599829059, 0.05621862144940524, 0.17392704458522223, 0.32474390048567764, 0.32474390048567764, 0.32474390048567764, 0.32474390048567764, -0.04173203290502475, 0.12933193529243048, 0.018541361644139207, -0.05197942899435058, -0.3483661907583573, -0.22101348849857316, 0.23689905921206428, 0.16325710569603305, 0.07250533044369337, 0.08733329772949219]
46	RRR	[-0.05340449008726184, -0.7697491461561818]
47	LUV	[0.04486423877932394, 0.05167730392546365, 0.058727512227800274, 0.058727512227800274, -0.09318498900721245, 0.21067213748348418, 0.15859496524951042, 0.1094050225504619, 0.10746133143678491, 0.1262009321021356, 0.09688321460809929, 0.21535301037501503, -0.06290058055290382, -0.06244542921383502, 0.17596572245304923, 0.054805777706010715, -0.08200244049686181, -0.11160714068496197, -0.03631137497319348, 0.26595196752892325, 0.13512977075234567, -0.09383071270030549, 0.00712718166937618, -0.007188928841445853, -0.08434462550111305, -0.08403510378118147, -0.06365108795286588, 0.0962040736583628, -0.2422030742022338, -0.13341239433950036, -0.13341239433950036, -0.32944164839839846, -0.22247556201858865, -0.041182323015027195, -0.07615997314453125]
48	AAL	[0.1546392468043235, 0.08646615073710578, 0.07785045934209955, 0.1183673290648299, -0.027441300109159752, 0.02721093142915634, 0.07846622825741283, -0.18000002260561343, -0.09619134783844434, 0.03866128558820354, -0.07902865511371966, -0.13560666809705213, -0.10184098360912937, 0.030823460641090893, 0.006374824230897961, 0.05497493853943822, -0.009600614101780924, 0.025983624414033697, -0.17431814020330255, -0.013856835992103175, 0.14060176537418465, -0.08439444308075263]
49	BBBY	[-0.14507343731772893, 0.028478999319712314, -0.031004110675448754, -0.003051369724600076, 0.0404973939738807, 0.1075661975290722, 0.08217057197772196, -0.05275558072386865, 0.07676771652749789, 0.021764604403531614, -0.055883019335460346, 0.019233947040850245, 0.0867312985301857, -0.06537387521902809, -0.30861618616918235, -0.03546101529339633, -0.08270239196180859, -0.06800707444750617, -0.18256132489526472, 0.18085103145062317, 0.3016917231738101, 0.05872622243060895, 0.13177647655273533]
50	AMAT	[0.012846489578996314, 0.06622952320536629, 0.13764408373602466, 0.008441171337434545, 0.02104025073997544, 0.049748980382427324, -0.020905904241126094, 0.07234045930218454, 0.20130849678184126, 0.1162687472674618, -0.03176569575223856, -0.14864149427195886, 0.15136979635134667, 0.1653399127712117, 0.1471124598210362, -0.05524079600735563, 0.10148977428464213, 0.007607789785994837, 0.2224631911068255, 0.17981268526190697, 0.0030987635263211325, -0.005749160666936664, -0.20978175351951697, 0.008115119172837838, 0.01156625402979104, 0.046604164595161014, -0.05342004945646391, 0.018521889657092862, -0.012085078688425234, 0.0802017277903576, -0.1478566920724307, 0.04515754098343832]
51	PANW	[0.10422688573245356, -0.07891471557200165, -0.22203731350809758, -0.21311173350340176, 0.019243055428113512, 0.3043695618459789, -0.0780025534173053, -0.004388695652745832, 0.036391854227550535, 0.01592349686817647, 0.14308287598249964, 0.040863818067349296, -0.010152942982680596, 0.22271806054026794, 0.013618875367564273, -0.07427053528903516, 0.1562231497703192, -0.053063914102682984, 0.010704352245305818, 0.03457610060227881, 0.03240518606962027, 0.03240518606962027, -0.053082681812186935, -0.01875947122888234, 0.07439292412497962, 0.10316754290017925, 0.13000693068303096, 0.12147203139969323, 0.08089056794837989, 0.08089056794837989, 0.13327553315109836, 0.19477829204991534, 0.19477829204991534, 0.11388797016999916, 0.33196488641201527, 0.3004480976429025, 0.2386381238576164, 0.047457623019833674]
52	DDOG	[0.9287035377767355]
53	INSG	[0.035326052626106094]
54	PBR	[-0.12015943740599709, -0.13461539414755244, -0.07544758818880483, 0.27221711088056794, 0.12449094375585228, 0.11313860356328446, -0.0226757161207728, -0.2692307893844944, -0.28729285377601804, 0.3136914989190176, 0.20873786370311592, 0.14270035562317698, 0.31175827906546094, 0.16614089229016007, -0.05571565150889418, -0.14285707841097825, -0.3929672604353509, 0.14777328150158528, -0.033810172554902776, -0.033810172554902776, -0.2077692631268865]
55	PFE	[-0.05343747138977051, -0.0006361468646289058, 0.03568189646401669, 0.009371146959935532, -0.03617645712459788, -0.02099174472560349, 0.048558932979462004, 0.07442287057143983, -0.019738751044614034, -0.010365192779699306, -0.010365192779699306, 0.009977150965005266]
56	DBX	[-0.030204968310646674, -0.1465378212193247, -0.07522794700585393, -0.06952095714456893, -0.050207004589878576]
57	SBUX	[-0.06355335305599716, -0.06058965876916025, -0.10703726304304262, 0.0460267534532802, 0.012104240259717658, 0.025993412431364785, 0.039438116326831966, 0.021623696702783874, 0.0025769481596359125, 0.05875497123357706, -0.005668558772636727, 0.004414971690118587, 0.073346688086051, 0.01333735943214022, -0.10161699920910539, 0.04897403627322626, -0.004307957526865953]
58	SQ	[-0.061002222331187184, 0.22653714391531127, -0.058111400086992955, 0.1943972846997201, 0.13927119516006053, 0.13927119516006053, 0.11742425857058812, -0.023323593436006894, -0.08518235732146565, -0.2048438020495061, 0.2700670831697042, 0.2187144101274788, 0.2805978855001266, -0.15344061243088988, -0.24175396736423013, -0.17803998738351007, 0.011451018333198854, 0.011451018333198854, 0.04451882589811062, 0.008881594116833261, 0.09554756525741892, 0.2192307696648495, 0.2159917478979719, -0.2894516046631503, 0.42074669992011565, 0.6442499160766602, 0.3752968416762295, 0.2729529150287278]
59	MPC	[0.07575432388941138, 0.0681532255696802, 0.04072757590029645, 0.013449888804137326, -0.017201835464401787, -0.0031560989226100287, 0.08, 0.06318207704978292, 0.08071691787555788, 0.14202379991830763, 0.1779148499165023, 0.06377889015817231, 0.10023774602171581, 0.0992970213600418, -0.170667197227221, -0.37292489132258877, 0.06270096923158382, 0.13420505743617864, 0.1594237122265912, -0.023172189684177977, 0.06270765089975291, -0.0333075375877698, -0.047975253762967095, -0.0746037993814302]
60	HPQ	[0.13274332884344153, 0.16145834301753592, 0.15207127150866337, -0.12527378986993118, 0.012872031408293882, 0.03883496382782794, 0.016097374277576747, -0.0034708564115683983, 0.11738346415310062, 0.11738346415310062, 0.02997076898657326, 0.054162130744927296, 0.011501996412113111, 0.09090911005096197, 0.0533377073981525, 0.02366503566957945, 0.01663642451219043, 0.04761903863436064, 0.029842050333304438, -0.014374283233124075, -0.06324649001130597, 0.0013561372472407362, 0.022650718049655558, 0.05209332979419888, -0.06409496096291498, -0.13649223891901627, -0.1679549871069662, 0.18573359665697997, 0.05202321188262816, 0.05216418439678778, 0.012958950603997151, 0.03581417792904215, -0.0036553366171602616, -0.11181977112789988, 0.07716611027057324, -0.15533981904479416, 0.0020215453276770934]
61	TWLO	[0.18932376210869403, 0.14387968767269133, 0.03394344371582244, 0.0019518369027040608, -0.1162627167465281, -0.059393911650686554, 0.3228868650559727, -0.1260475637699491, -0.06437323970827094]
62	SO	[0.018722432721430145, -0.009062023486920272, 0.0013869943508793248, -0.0456081042984614, 0.02900232121239049, 0.04655669473330374, 0.019125679117106872, -0.03394888405341288, -0.016321725360788422, -0.004419393559675109, 0.02804111375903467, 0.04517707057950795, 0.050000040930229514, 0.06190262416280024, 0.04524608058937869, 0.06294740375719572, 0.016478099040206397, 0.03587527774599262, -0.06512044200123346, -0.07491522320246292, -0.0061907565409001965]
63	BHC	[0.06685468688287378, 0.14162118267148685, -0.007280651893788379, -0.15793320163561847, 0.04249714758488347, -0.1239999771118164, 0.11363636645122296, 0.403931436079875, 0.0695732855823814, -0.0769539085203516, 0.03847868851563646, -0.1055924477049307, 0.020113645281705877, 0.23474863443982827, -0.03052503090417176, 0.04358246127090993, -0.07463152105105259]
64	RF	[0.13580246394455167, 0.03793626619292643, -0.034482764020578066, 0.014471835553972998, 0.088571412222726, -0.03908355240851603, 0.10601259197128475, 0.0936169971001538, -0.008706489053918303, 0.07885302944278644, -0.004301071078780983, 0.027805431492656612, 0.03613280213176017, 0.07991800355321844, 0.07150604916785454, 0.07098124327674533, 0.030786714936866112, 0.030786714936866112, -0.03742200217877904, 0.11764699656105686, -0.06930692426574749, 0.09910917468723092, -0.08341707935845226, 0.09721174961213414, -0.08210389483278584, 0.01611769690667358, 0.1334895021563202, 0.09948540845560704, 0.018594973742430704, -0.008547000709448131, 0.07670934328363589, -0.1340269592170579, 0.09795915639915151, 0.15151516860264436, 0.055123724923925095, -0.03306878331907552, 0.1134989618144073, -0.08816702576967438, -0.13131931263479762, -0.24121295277675647]
65	ABT	[0.02939219575213329, -0.07749273204855088, -0.008684550174618614, 0.009898461282857467, 0.02296239775134046, 0.06317259808631444, 0.10189513366509212, -0.1101843789826263, 0.20037109634279418, 0.06947933355253574, -0.023473397629268533, -0.023473397629268533, -0.024440228347712735, 0.06051922068538252, -0.06711682668303612]
66	KEY	[-0.09189845064257118, 0.07640453194626934, 0.023655942206107065, 0.1378676456086673, 0.054621898574889964, 0.009493661574342721, 0.03657644456543078, 0.11730929896642511, 0.04354712476257248, -0.10972221983067777, -0.014147470568886955, -0.0031298875343347015, -0.0031298875343347015, 0.029253281072860866, 0.0076393756019659245, -0.13549921185844904, -0.10385258079534683, 0.013250934297566614, 0.030555547951670967, 0.14232204687791325, 0.0900177585713177, 0.26586744546032204, -0.06145549523101129, -0.0881285993911514, -0.09511434228045738, -0.04495013056129183, 0.033482164001966526, 0.08349892285050019, 0.013843988740393833, -0.008470357692022588, -0.02869511635085261, 0.0868226519263693, 0.09777783590649801, 0.01583580468301654, -0.06470586860331122]
